#Position (bp)	Coverage
3860412.5	1.6981559222176286
1.15812365E7	1.1520762550732926
1.93020605E7	1.246781172579507
2.70228845E7	0.9461536747891158
3.47437085E7	1.0422498945708385
4.24645325E7	1.0935498594450541
5.01853565E7	0.9010762322777983
5.79061805E7	0.9501054550654179
6.56270045E7	1.0287528895879507
7.33478285E7	1.11342662389403
8.10686525E7	1.229318917255464
8.87894765E7	1.2124253836119046
9.65103005E7	1.1593210776466345
1.042311245E8	1.1071358445678856
1.119519485E8	1.190430451464766
1.196727725E8	1.033626333147861
1.273935965E8	3.521577101096981
1.351144205E8	0.0
1.428352445E8	6.553244835007248
1.505560685E8	2.04203385545377
1.582768925E8	2.023940579399297
1.659977165E8	1.718551284163452
1.737185405E8	1.6288684990099502
1.814393645E8	1.7482613254751047
1.891601885E8	1.6939574066187755
1.968810125E8	1.6922749437106712
2.046018365E8	2.1687063453330886
2.123226605E8	1.7987449267073048
2.200434845E8	1.8761628292524217
2.277643085E8	1.8469230745319412
2.354851325E8	1.781351187386217
2.432059565E8	1.760317292558411
2.480113955E8	1.4778757643961495
2.518718075E8	2.012116753018898
2.586476045E8	1.8776179848161285
2.663684285E8	1.7140562976179745
2.740892525E8	1.8835402801566257
2.818100765E8	1.6197881210606537
2.895309005E8	1.8396304591323414
2.972517245E8	1.9113417168944662
3.049725485E8	1.8001736602207226
3.126933725E8	1.8530259205494128
3.204141965E8	1.8192111360134617
3.281350205E8	1.563069434039683
3.358558445E8	1.8699362917740385
3.435766685E8	1.441523469515689
3.512974925E8	1.9393027220928751
3.590183165E8	1.849489769485744
3.667391405E8	1.653293612184399
3.744599645E8	1.4525472928796201
3.821807885E8	1.8878791952776024
3.899016125E8	1.9728943439197681
3.976224365E8	1.90903976052297
4.053432605E8	1.7722588936103194
4.130640845E8	2.129259389930401
4.207849085E8	1.883051990305698
4.285057325E8	2.0895360391585145
4.362265565E8	1.843440803727685
4.439473805E8	1.7693761702118842
4.516682045E8	1.783232592790614
4.593890285E8	1.8972310468416325
4.671098525E8	1.963506226796518
4.748306765E8	1.7413276095919297
4.825515005E8	1.9256631157503397
4.88780932E8	2.348722330061023
4.92641344E8	1.1931413092126988
4.979931485E8	1.0623034536210125
5.057139725E8	1.1357010598868722
5.134347965E8	1.1236239810673059
5.211556205E8	1.1299058235234996
5.288764445E8	1.0945221649917158
5.365972685E8	1.204453954655617
5.443180925E8	1.4898166309709948
5.520389165E8	1.1398095591869468
5.597597405E8	1.217122032570617
5.674805645E8	1.3829194914946903
5.752013885E8	1.1719835862078969
5.829222125E8	0.685486419584231
5.906430365E8	1.1754102929946337
5.983638605E8	1.109045614820387
6.060846845E8	1.3488393207771605
6.138055085E8	1.1297121913412351
6.215263325E8	1.163194627930905
6.292471565E8	1.0487608576493908
6.369679805E8	1.2646076377340034
6.446888045E8	1.148047799043211
6.524096285E8	1.054416083050203
6.601304525E8	1.245975429565549
6.678512765E8	1.1663784849907213
6.755721005E8	1.1185386430256667
6.832929245E8	1.1367938188980866
6.882994235E8	0.9816034908344654
6.921598355E8	1.3666972451714514
6.987345725E8	1.2479753456366833
7.064553965E8	1.0351365346496695
7.141762205E8	1.0668419588375542
7.218970445E8	1.154125388689083
7.296178685E8	1.0313081867945701
7.373386925E8	0.8005802230435508
7.450595165E8	1.000280799044247
7.527803405E8	1.1202731729152224
7.605011645E8	1.0434932851726706
7.682219885E8	1.1412961880752623
7.759428125E8	1.1584947409758337
7.836636365E8	1.1524816522174317
7.913844605E8	1.0496700870269806
7.991052845E8	1.245802650079836
8.068261085E8	1.1953792755799122
8.145469325E8	1.1801496835052838
8.222677565E8	1.0624526604932323
8.299885805E8	1.2320499729044465
8.377094045E8	1.2173629394997219
8.454302285E8	1.2553647123674883
8.531510525E8	1.093754500814939
8.608718765E8	1.1399304012110625
8.685927005E8	1.3229734287428387
8.76056589E8	1.3174589871753013
8.79917001E8	1.6400847683562607
8.840343485E8	1.594529029543997
8.917551725E8	1.3124614678433286
8.994759965E8	1.2095311329464316
9.071968205E8	1.044853373163279
9.149176445E8	1.1427702535377053
9.226384685E8	1.0183054295759106
9.303592925E8	0.7038024697881988
9.380801165E8	1.288880176520019
9.458009405E8	1.1311173522411597
9.535217645E8	1.2584228056487234
9.612425885E8	1.2054700379130519
9.689634125E8	1.319757580278996
9.766842365E8	1.2645882097558498
9.844050605E8	1.3178757863150359
9.921258845E8	1.116975208863717
9.998467085E8	1.1939142765072743
1.0075675325E9	1.1821455844609332
1.0152883565E9	1.3376286002633915
1.0230091805E9	1.2130591242592759
1.0307300045E9	0.9350358200109211
1.0384508285E9	0.9965655220220018
1.0461716525E9	1.221590078986388
1.0538924765E9	0.9871350519063768
1.0594756065E9	1.1130115317771103
1.0633360185E9	0.7706898180937028
1.0693341245E9	0.6273348544145029
1.0770549485E9	0.6056730473327717
1.0847757725E9	1.4635647697706877
1.0924965965E9	1.9225542506861961
1.1002174205E9	1.7682286243022765
1.1079382445E9	1.8712342102345554
1.1156590685E9	1.9268820270996982
1.1233798925E9	1.137999001142883
1.1311007165E9	1.6745786460098042
1.1388215405E9	1.5802727791748652
1.1465423645E9	1.5717019323326111
1.1542631885E9	1.8412800239974385
1.1619840125E9	1.8222534278724654
1.1697048365E9	1.8525819264886754
1.1774256605E9	1.8017746551404359
1.1851464845E9	1.8528081976742379
1.1928673085E9	1.9470399791524842
1.2005881325E9	1.803315811887436
1.2083089565E9	1.8159319523408382
1.2160297805E9	1.8857110329156577
1.2237506045E9	1.921008301704585
1.22980766E9	2.1781126523261514
1.233668072E9	1.448476455708832
1.2391922525E9	1.0719804000194797
1.2469130765E9	1.4062543065351574
1.2546339005E9	1.2343758904489988
1.2623547245E9	1.3643578716468605
1.2700755485E9	1.2207146542907856
1.2777963725E9	1.207205474441588
1.2855171965E9	1.085343092913399
1.2932380205E9	0.5545029908724768
1.3009588445E9	0.8420817518959116
1.3086796685E9	1.073280002238103
1.3164004925E9	1.400719664118752
1.3241213165E9	1.2341364082382917
1.3318421405E9	1.140785232249822
1.3395629645E9	1.1531217393376665
1.3472837885E9	1.2744822314302204
1.3550046125E9	1.1619954035994084
1.3627254365E9	1.363690714877065
1.3704462605E9	1.092397780340544
1.3781670845E9	1.223249357840562
1.3858879085E9	1.3568844465305776
1.3905492985E9	1.400445455430736
1.3944097105E9	2.081794214223938
1.4013295565E9	1.8551289344246158
1.4090503805E9	1.6833027148397632
1.4167712045E9	1.767223161672899
1.4244920285E9	1.5641181563004156
1.4322128525E9	1.2898568857417292
1.4399336765E9	1.1221587229549592
1.4476545005E9	1.0967260748334633
1.4553753245E9	1.1535755769073353
1.4630961485E9	1.1521142043906194
1.4708169725E9	1.1585320426938885
1.4785377965E9	1.160773254253691
1.4862586205E9	1.1994977479087725
1.4939794445E9	1.1776665288575416
1.5017002685E9	1.1431734488443202
1.5094210925E9	1.758072324922832
1.5171419165E9	1.4464041661874432
1.5248627405E9	1.3919354980763712
1.5325835645E9	2.10201760848324
1.5364664445E9	0.0
1.5403268565E9	1.1951935723918847
1.5480252125E9	1.3625483497616317
1.5557460365E9	1.2807838904241309
1.5634668605E9	1.1682940836366689
1.5711876845E9	1.243293850500931
1.5789085085E9	0.9314715631388567
1.5866293325E9	0.0
1.5943501565E9	0.08693553952272452
1.6020709805E9	1.2766168481498865
1.6097918045E9	1.1846023170583866
1.6175126285E9	1.2276119750948862
1.6252334525E9	1.202269343272169
1.6329542765E9	1.1885587600494456
1.6406751005E9	1.0440269069726236
1.6483959245E9	1.1039521170279234
1.6561167485E9	1.0011650310899458
1.6638375725E9	1.2703637591013601
1.671290807E9	1.7313154212321928
1.675151219E9	2.2684783969475633
1.6792792205E9	2.157797147040264
1.6870000445E9	1.8494132232518188
1.6947208685E9	1.7208878223360615
1.7024416925E9	1.6306833312092077
1.7101625165E9	1.6576321387458126
1.7178833405E9	1.7960632181228324
1.7256041645E9	1.2771989103753694
1.7333249885E9	1.2051463677970122
1.7410458125E9	1.0384545742786002
1.7487666365E9	1.2538863727498515
1.7564874605E9	1.0432082119732298
1.7642082845E9	1.0696476179226466
1.7719291085E9	1.1044471419112778
1.7796499325E9	1.282235937511333
1.7873707565E9	1.261676603429893
1.7950915805E9	1.3144119073300984
1.8028124045E9	1.6488715453169247
1.807676934E9	1.8053659058825287
1.811537346E9	1.5377642256426989
1.8182540525E9	1.2108212802156868
1.8259748765E9	1.1277487998690294
1.8336957005E9	1.0167895292005102
1.8414165245E9	1.1747335517556157
1.8491373485E9	1.012464213664241
1.8568581725E9	0.8821548062745634
1.8645789965E9	0.6158660008309994
1.8722998205E9	1.291785306853258
1.8800206445E9	1.129977707042668
1.8877414685E9	0.9218861872774201
1.8954622925E9	1.0359632598800335
1.9031831165E9	1.0755278193104778
1.9109039405E9	1.1208961634146821
1.9186247645E9	1.0966624805849738
1.9263455885E9	1.3356190997230348
1.9340664125E9	1.2846159943550066
1.940847249E9	1.3765274534575367
1.944707661E9	1.9434976528943204
1.9495080605E9	1.9033610920285193
1.9572288845E9	1.8250905602821668
1.9649497085E9	1.77799403276127
1.9726705325E9	1.7997746095494471
1.9803913565E9	0.7720469991285904
1.9881121805E9	1.326251705776482
1.9958330045E9	1.5360777554312857
2.0035538285E9	1.2937637226285692
2.0112746525E9	1.3133706972209185
2.0189954765E9	1.2838364143516288
2.0267163005E9	1.236828219371404
2.0344371245E9	1.1849733914411207
2.0421579485E9	1.156233194798897
2.0498787725E9	1.0816516475443554
2.0575995965E9	1.0463958251088226
2.0653204205E9	1.0373413511303975
2.0730412445E9	1.2131060104465534
2.0769723195E9	0.956886913943648
2.0808327315E9	0.0
2.0884828925E9	0.0
2.0962037165E9	0.7898381053628473
2.1039245405E9	1.284396199162162
2.1116453645E9	1.2450924927183937
2.1193661885E9	1.2669865288989879
2.1270870125E9	1.1731153306952729
2.1348078365E9	1.1305946101089728
2.1425286605E9	1.1768339752337316
2.1502494845E9	1.290071370620545
2.1579703085E9	1.1716657444853036
2.1656911325E9	1.1944384433578592
2.1734119565E9	1.3007548158072246
2.1811327805E9	1.4367851151638737
2.1882002515E9	1.5240550610387897
2.1920606635E9	0.0
2.1965744285E9	0.0
2.2042952525E9	0.019426941994792266
2.2120160765E9	1.6826799833800123
2.2197369005E9	1.22122781195375
2.2274577245E9	1.248778757293263
2.2351785485E9	1.011839668926529
2.2428993725E9	1.1955296481308213
2.2506201965E9	1.5232637086404248
2.2583410205E9	2.349990881802253
2.2660618445E9	2.354911600109004
2.2737826685E9	2.425428166734535
2.2815034925E9	2.1961051048437317
2.2892243165E9	2.527119514704648
2.2957678785E9	2.8091679555746043
2.2996282905E9	0.0
2.3046659645E9	0.0
2.3123867885E9	0.0
2.3201076125E9	2.3655503609459303
2.3278284365E9	1.5658855842329782
2.3355492605E9	1.8817171586866894
2.3432700845E9	1.5272830982807017
2.3509909085E9	1.3618033515593673
2.3587117325E9	1.6384414409653685
2.3664325565E9	1.4212426031211176
2.3741533805E9	1.5626209067840426
2.3818742045E9	1.4652184792711245
2.3895950285E9	1.4246397793810608
2.396948829E9	1.7337987172053724
2.400809241E9	1.9784564203654533
2.4050366765E9	1.448373386053095
2.4127575005E9	0.8914837328243721
2.4204783245E9	0.8922640899468761
2.4281991485E9	0.9132553727425985
2.4359199725E9	1.4276114829194397
2.4436407965E9	2.4373787046563944
2.4513616205E9	1.2073247622274514
2.4590824445E9	1.139667605426571
2.4668032685E9	1.2690054843887129
2.4745240925E9	1.304002785194948
2.4822449165E9	1.2312474678868472
2.4884429455E9	1.53723278877592
2.4923033575E9	1.6318562249022357
2.4976865645E9	1.7661805268453212
2.5054073885E9	1.7330563421728042
2.5131282125E9	0.9889968998127661
2.5208490365E9	1.6453644067006319
2.5285698605E9	1.966432727905726
2.5362906845E9	2.013543891170165
2.5440115085E9	1.6206021533452906
2.5517323325E9	1.8437414193096489
2.5594531565E9	1.8509626692694976
2.5671739805E9	2.1374038574121106
2.572536198E9	2.7263184213934495
2.57639661E9	1.1490507212627457
2.5826156285E9	1.266006581680919
2.5903364525E9	0.5004451597394268
2.5980572765E9	1.0893907178819255
2.6057781005E9	1.1615611235277479
2.6134989245E9	1.3484458394596224
2.6212197485E9	1.2680268323691875
2.6289405725E9	1.3508304294981985
2.6366613965E9	1.207674983913634
2.6443822205E9	1.1934828458724094
2.6513269605E9	1.5983180128702266
2.6551873725E9	1.4156586142737126
2.6598238685E9	1.0559230465556526
2.6675446925E9	0.9164870226286728
2.6752655165E9	0.7768685052269032
2.6829863405E9	0.7623730316867733
2.6907071645E9	0.9523188198565334
2.6984279885E9	0.9624441639907865
2.7061488125E9	0.9411389250681015
2.7115190645E9	0.9616601759126795
2.7153794765E9	1.2886157071555349
2.7215904605E9	1.6451812656265705
2.7293112845E9	1.6222943302424715
2.7370321085E9	1.4798882865352196
2.7447529325E9	1.3217441558051317
2.7524737565E9	1.043336177589335
2.7601945805E9	0.8691889622143958
2.7679154045E9	1.0074928530944365
2.774624444E9	1.7156325282965217
2.778484856E9	0.0
2.7833570525E9	1.7083764634448344
2.7910778765E9	1.3975574368746133
2.7987987005E9	1.5456137842282118
2.8065195245E9	1.7324279118394617
2.8142403485E9	1.8067638894501417
2.8211419075E9	1.919247408954582
2.8250023195E9	0.0
2.8296819965E9	0.0
2.8374028205E9	0.9513312309670574
2.8451236445E9	1.5357162655177738
2.8528444685E9	1.101335945489756
2.8605652925E9	0.9898440891801186
2.8682861165E9	1.255477653680488
2.8735740255E9	1.569710829514878
2.8774344375E9	0.3428576419644747
2.8837277645E9	0.6558182131855357
2.8914485885E9	0.5652528797444418
2.8991694125E9	0.503024288599248
2.9068902365E9	0.5458309890239694
2.9146110605E9	0.6114553317107086
2.9223318845E9	0.9008787144999031
2.9300527085E9	0.5645107309789732
2.9377735325E9	0.24122101475179333
2.9454943565E9	0.7514677189895793
2.9532151805E9	0.5265062381942652
2.9609360045E9	0.6110912514001097
2.9686568285E9	0.7050036369175103
2.9763776525E9	0.933899671848497
2.9840984765E9	0.9447937163183618
2.9918193005E9	0.8505839532153563
2.9995401245E9	0.7534096101659615
3.0072609485E9	1.0843434586774676
3.0149817725E9	0.847113209678138
3.0227025965E9	0.8369335967249092
3.028802713E9	1.1738427993514322
3.032663125E9	0.005491428897564798
3.0381442445E9	0.04933735052113609
3.0458650685E9	0.11754263534565741
3.0535858925E9	0.015992334496939705
3.0613067165E9	0.008072583962540786
3.0690275405E9	0.0
3.0767483645E9	0.0
3.0844393045E9	0.029116090523290783
3.088278117E9	1342.016235137908
3.088307901E9	521.6412474708715
