#Position (bp)	insert size
3860412.5	309.2010730007337
1.15812365E7	307.49375619871967
1.93020605E7	306.6015698194916
2.70228845E7	304.58020084508587
3.47437085E7	306.29184003986546
4.24645325E7	307.8555547637711
5.01853565E7	306.3025493302607
5.79061805E7	306.3502704474676
6.56270045E7	308.1417245297311
7.33478285E7	311.2657306777368
8.10686525E7	311.54277205136873
8.87894765E7	309.78651444727655
9.65103005E7	310.54064157954826
1.042311245E8	310.93193434935523
1.119519485E8	309.03340898180073
1.196727725E8	309.33454728117545
1.273935965E8	315.8941074050301
1.351144205E8	0.0
1.428352445E8	318.84888363738736
1.505560685E8	309.42499904603216
1.582768925E8	308.5701352824261
1.659977165E8	308.3319777461978
1.737185405E8	309.33742164946807
1.814393645E8	308.9500586932941
1.891601885E8	311.49123049090855
1.968810125E8	310.7606676475998
2.046018365E8	308.36464571455946
2.123226605E8	309.71960484127214
2.200434845E8	310.41716619367344
2.277643085E8	307.92489207014387
2.354851325E8	308.5670103092784
2.432059565E8	309.0800371648527
2.480113955E8	310.44797646383466
2.518718075E8	310.5061422542671
2.586476045E8	308.5001729218255
2.663684285E8	309.18717428190524
2.740892525E8	308.49909018223923
2.818100765E8	309.5804165530953
2.895309005E8	309.27921289630444
2.972517245E8	310.1986519174843
3.049725485E8	311.32895686048187
3.126933725E8	309.94557785001683
3.204141965E8	308.5245218384242
3.281350205E8	310.567584626117
3.358558445E8	310.47420935041146
3.435766685E8	310.1833957373272
3.512974925E8	310.4505576905052
3.590183165E8	308.88193674280177
3.667391405E8	309.46576460615955
3.744599645E8	308.8094080640549
3.821807885E8	310.0124623447365
3.899016125E8	312.05009410742724
3.976224365E8	310.9128909437041
4.053432605E8	311.0362501465244
4.130640845E8	312.26214160327675
4.207849085E8	310.2807936792466
4.285057325E8	311.3398871516989
4.362265565E8	311.4121535902568
4.439473805E8	311.5723593461098
4.516682045E8	309.52513071467064
4.593890285E8	310.9253126796026
4.671098525E8	309.2917559594677
4.748306765E8	309.57641062326746
4.825515005E8	309.15382436642705
4.88780932E8	309.35014318390574
4.92641344E8	310.70831455610636
4.979931485E8	307.55031769305964
5.057139725E8	307.7234154486608
5.134347965E8	310.169680014797
5.211556205E8	309.0849050102226
5.288764445E8	308.95825818699575
5.365972685E8	308.10713746467934
5.443180925E8	309.9303274401088
5.520389165E8	309.03789104331383
5.597597405E8	309.3114103412219
5.674805645E8	311.2973089707236
5.752013885E8	312.1193748614498
5.829222125E8	311.40042412996553
5.906430365E8	311.0593042517946
5.983638605E8	311.0927465629904
6.060846845E8	311.04204285136774
6.138055085E8	309.17842857799644
6.215263325E8	308.0890784068584
6.292471565E8	307.8080150498775
6.369679805E8	311.33933964783955
6.446888045E8	310.41192828559156
6.524096285E8	311.082785128243
6.601304525E8	310.9843437291528
6.678512765E8	310.8568662363677
6.755721005E8	308.6718590398366
6.832929245E8	309.52465456206465
6.882994235E8	307.3823686553874
6.921598355E8	308.5706835990273
6.987345725E8	307.60788877574345
7.064553965E8	308.75806977502447
7.141762205E8	309.13739714689126
7.218970445E8	312.3551065409626
7.296178685E8	308.73106937871313
7.373386925E8	310.0823929961089
7.450595165E8	310.2081916577984
7.527803405E8	312.0029428803151
7.605011645E8	310.6866960264736
7.682219885E8	310.3493825195024
7.759428125E8	310.16636041769374
7.836636365E8	311.66425675675674
7.913844605E8	311.0783333745701
7.991052845E8	311.6561158574703
8.068261085E8	311.3529590617874
8.145469325E8	311.2130718666872
8.222677565E8	311.68196697283565
8.299885805E8	310.8346532985087
8.377094045E8	311.2594686866532
8.454302285E8	310.38243924615637
8.531510525E8	311.8784778273668
8.608718765E8	311.0918509073522
8.685927005E8	311.35923454367025
8.76056589E8	310.07187790255847
8.79917001E8	311.4288429555714
8.840343485E8	311.5886636905732
8.917551725E8	310.3411811257295
8.994759965E8	311.61195054945057
9.071968205E8	311.6818746274588
9.149176445E8	310.0931114340205
9.226384685E8	310.54839943884707
9.303592925E8	311.7382736096247
9.380801165E8	310.640921900161
9.458009405E8	310.6572399228721
9.535217645E8	309.37401574803147
9.612425885E8	311.06862850623213
9.689634125E8	312.4771717330607
9.766842365E8	311.7861617136637
9.844050605E8	312.02657898881716
9.921258845E8	310.191097467383
9.998467085E8	311.07667529980193
1.0075675325E9	310.56477434940155
1.0152883565E9	309.1407072256636
1.0230091805E9	309.61515566785147
1.0307300045E9	306.04999305266085
1.0384508285E9	308.16087341706185
1.0461716525E9	309.8047763860239
1.0538924765E9	305.5223829563388
1.0594756065E9	307.93984530155745
1.0633360185E9	309.1561340551061
1.0693341245E9	310.1151648169621
1.0770549485E9	308.5652248467441
1.0847757725E9	309.9751588062032
1.0924965965E9	307.973561262794
1.1002174205E9	307.6116904097518
1.1079382445E9	310.2331931898597
1.1156590685E9	311.2998113970093
1.1233798925E9	311.60711433591166
1.1311007165E9	311.05945585406715
1.1388215405E9	310.78204685573365
1.1465423645E9	309.6014517915902
1.1542631885E9	312.1876948248868
1.1619840125E9	312.0115907730033
1.1697048365E9	309.16933731477195
1.1774256605E9	311.11530975620303
1.1851464845E9	311.72169771676704
1.1928673085E9	311.056429219843
1.2005881325E9	310.6948500820876
1.2083089565E9	309.9438931625154
1.2160297805E9	309.8836130346793
1.2237506045E9	310.46980346570786
1.22980766E9	310.52253931031595
1.233668072E9	307.93985368692324
1.2391922525E9	309.13274614658695
1.2469130765E9	312.90939789271675
1.2546339005E9	310.8056192298795
1.2623547245E9	309.7519841647475
1.2700755485E9	309.6435814042472
1.2777963725E9	310.2292830740136
1.2855171965E9	309.80434678653404
1.2932380205E9	310.59341224909934
1.3009588445E9	306.1586508817363
1.3086796685E9	307.8576233455126
1.3164004925E9	312.3424690579132
1.3241213165E9	311.451941103364
1.3318421405E9	307.6347335366131
1.3395629645E9	309.982415402304
1.3472837885E9	311.62923042441776
1.3550046125E9	311.77398101619207
1.3627254365E9	309.6857251690315
1.3704462605E9	308.3051205892836
1.3781670845E9	309.55770863400966
1.3858879085E9	308.81776944130763
1.3905492985E9	310.53149042762567
1.3944097105E9	311.2135155130889
1.4013295565E9	308.60269407415706
1.4090503805E9	309.32338193319447
1.4167712045E9	308.17990949428463
1.4244920285E9	309.8712687186639
1.4322128525E9	308.0651403487576
1.4399336765E9	310.32357565667775
1.4476545005E9	309.9895133036644
1.4553753245E9	309.6657962270947
1.4630961485E9	311.03754166291327
1.4708169725E9	310.88529438121697
1.4785377965E9	310.09667748070257
1.4862586205E9	309.84751412307094
1.4939794445E9	309.62910301346915
1.5017002685E9	310.92993659523216
1.5094210925E9	309.7517285190876
1.5171419165E9	306.1241722151433
1.5248627405E9	306.0226251095816
1.5325835645E9	309.08141374196737
1.5364664445E9	0.0
1.5403268565E9	309.6177505738332
1.5480252125E9	311.7975598131732
1.5557460365E9	310.86203681180575
1.5634668605E9	311.0690475661011
1.5711876845E9	308.1737685732796
1.5789085085E9	310.0247316325108
1.5866293325E9	0.0
1.5943501565E9	309.59671641791044
1.6020709805E9	310.6251347229283
1.6097918045E9	310.3035138867577
1.6175126285E9	310.44599936581756
1.6252334525E9	309.87910499287966
1.6329542765E9	308.42576333377013
1.6406751005E9	308.51508293750464
1.6483959245E9	306.946312670492
1.6561167485E9	305.90066156440525
1.6638375725E9	306.89384310439954
1.671290807E9	309.26009438064716
1.675151219E9	311.34697244679097
1.6792792205E9	309.35740319728626
1.6870000445E9	309.0405568497572
1.6947208685E9	308.8290772435027
1.7024416925E9	307.91907468437057
1.7101625165E9	309.95069197373164
1.7178833405E9	317.2459333737829
1.7256041645E9	310.4423881688539
1.7333249885E9	311.05507077758386
1.7410458125E9	308.8907121594917
1.7487666365E9	308.63669876773326
1.7564874605E9	308.3587397110387
1.7642082845E9	308.65438358158264
1.7719291085E9	306.6323833709556
1.7796499325E9	308.30300759493673
1.7873707565E9	309.24711306889526
1.7950915805E9	308.87904229469984
1.8028124045E9	311.0836416885796
1.807676934E9	309.9962962962963
1.811537346E9	309.74803796313194
1.8182540525E9	308.4617792068596
1.8259748765E9	308.50305137830185
1.8336957005E9	310.3982271496449
1.8414165245E9	309.308713711281
1.8491373485E9	309.39435897435897
1.8568581725E9	307.93498160412065
1.8645789965E9	308.834021748293
1.8722998205E9	307.0296038748317
1.8800206445E9	306.90949217223385
1.8877414685E9	305.60321081537813
1.8954622925E9	308.9956633995939
1.9031831165E9	309.8288260008693
1.9109039405E9	310.72916232186304
1.9186247645E9	309.2335377548363
1.9263455885E9	309.10082792397094
1.9340664125E9	309.3415939570205
1.940847249E9	309.18108606761746
1.944707661E9	307.7282555012896
1.9495080605E9	308.7284209951986
1.9572288845E9	309.6794109277177
1.9649497085E9	311.160469667319
1.9726705325E9	309.56844202532375
1.9803913565E9	310.2093351716717
1.9881121805E9	310.55578403149053
1.9958330045E9	309.06026438569205
2.0035538285E9	309.3738360892599
2.0112746525E9	309.74469810872836
2.0189954765E9	311.1535132073945
2.0267163005E9	311.17317426645104
2.0344371245E9	309.3435251798561
2.0421579485E9	305.8457477874118
2.0498787725E9	306.68901531518554
2.0575995965E9	305.92241828605466
2.0653204205E9	304.53468070737136
2.0730412445E9	307.05921010382104
2.0769723195E9	308.38872403560833
2.0808327315E9	0.0
2.0884828925E9	0.0
2.0962037165E9	310.1112061028541
2.1039245405E9	309.8167023814337
2.1116453645E9	311.0594530321046
2.1193661885E9	309.3000573958675
2.1270870125E9	310.0662282449847
2.1348078365E9	311.15280202113
2.1425286605E9	312.79872825223
2.1502494845E9	311.9075239838298
2.1579703085E9	312.0741774675972
2.1656911325E9	311.99958663301715
2.1734119565E9	310.43977719659006
2.1811327805E9	311.79002947398874
2.1882002515E9	309.957638760739
2.1920606635E9	0.0
2.1965744285E9	0.0
2.2042952525E9	310.0921228304406
2.2120160765E9	310.2368075812999
2.2197369005E9	311.79273608777936
2.2274577245E9	309.76471811076004
2.2351785485E9	311.48370528262154
2.2428993725E9	310.2905411274212
2.2506201965E9	310.817263136296
2.2583410205E9	308.60630382629654
2.2660618445E9	307.12459189976175
2.2737826685E9	310.40140482573725
2.2815034925E9	307.6422771925672
2.2892243165E9	308.33380636536583
2.2957678785E9	309.0934303462403
2.2996282905E9	0.0
2.3046659645E9	0.0
2.3123867885E9	0.0
2.3201076125E9	292.79958981333215
2.3278284365E9	309.51383451662133
2.3355492605E9	310.69588262087814
2.3432700845E9	308.6569717998435
2.3509909085E9	308.97860860612764
2.3587117325E9	309.33008354338074
2.3664325565E9	307.16193851268656
2.3741533805E9	307.3076603798645
2.3818742045E9	308.00693065796935
2.3895950285E9	308.00536202808684
2.396948829E9	310.75245394203233
2.400809241E9	308.8219707424786
2.4050366765E9	307.8220421045081
2.4127575005E9	303.869099274877
2.4204783245E9	304.48316405226853
2.4281991485E9	304.8299499601956
2.4359199725E9	318.8708180130329
2.4436407965E9	313.8230179028133
2.4513616205E9	309.11242794459264
2.4590824445E9	308.1162663506677
2.4668032685E9	308.20712590045844
2.4745240925E9	308.569010831475
2.4822449165E9	307.29813572904806
2.4884429455E9	306.999469969593
2.4923033575E9	305.16202041392665
2.4976865645E9	306.29212376106585
2.5054073885E9	307.2765916003656
2.5131282125E9	308.16182801343973
2.5208490365E9	307.6788451509932
2.5285698605E9	307.779997357643
2.5362906845E9	307.34420289855075
2.5440115085E9	308.30267181071605
2.5517323325E9	308.35373929215507
2.5594531565E9	308.7378150553319
2.5671739805E9	307.0419108528074
2.572536198E9	308.6308448946634
2.57639661E9	309.1806551800636
2.5826156285E9	309.7518317085685
2.5903364525E9	310.4715063520871
2.5980572765E9	309.03368642045996
2.6057781005E9	310.3260791769179
2.6134989245E9	311.37182968397946
2.6212197485E9	308.07012694512696
2.6289405725E9	310.1110449023528
2.6366613965E9	310.48698325343423
2.6443822205E9	310.9504026115343
2.6513269605E9	310.982244188175
2.6551873725E9	306.7002463728442
2.6598238685E9	304.21776116834263
2.6675446925E9	304.1273087818697
2.6752655165E9	305.7198810279718
2.6829863405E9	308.1227508178844
2.6907071645E9	305.233365135614
2.6984279885E9	305.14508079527366
2.7061488125E9	303.5160017657121
2.7115190645E9	305.73516013252345
2.7153794765E9	305.443327602169
2.7215904605E9	309.02042942848124
2.7293112845E9	309.5360195946595
2.7370321085E9	309.14538434538434
2.7447529325E9	306.9233067337553
2.7524737565E9	307.0995792775523
2.7601945805E9	303.93472147430145
2.7679154045E9	306.29627721241786
2.774624444E9	309.975795864785
2.778484856E9	0.0
2.7833570525E9	309.5151340181122
2.7910778765E9	311.1446835395994
2.7987987005E9	311.92786224275517
2.8065195245E9	309.50670864253055
2.8142403485E9	308.8456177159527
2.8211419075E9	308.53003108737096
2.8250023195E9	0.0
2.8296819965E9	0.0
2.8374028205E9	309.34227546871165
2.8451236445E9	309.30812675437113
2.8528444685E9	306.14323751178136
2.8605652925E9	304.67186967129254
2.8682861165E9	307.08748164539946
2.8735740255E9	308.5147460281942
2.8774344375E9	303.1209938782859
2.8837277645E9	310.0906643439702
2.8914485885E9	308.6521459424685
2.8991694125E9	310.042780472701
2.9068902365E9	310.92714727575543
2.9146110605E9	307.6934963491255
2.9223318845E9	307.31589867727155
2.9300527085E9	306.97552109694936
2.9377735325E9	307.79350048423544
2.9454943565E9	307.74835855967933
2.9532151805E9	310.2657884349714
2.9609360045E9	310.58218158622157
2.9686568285E9	310.9419590212264
2.9763776525E9	310.20977641994165
2.9840984765E9	309.9181071202836
2.9918193005E9	310.1387378581465
2.9995401245E9	309.8520879272326
3.0072609485E9	310.21352244956637
3.0149817725E9	310.35784403951163
3.0227025965E9	309.07267252351534
3.028802713E9	309.34089522647554
3.032663125E9	307.64044943820227
3.0381442445E9	307.69348054679284
3.0458650685E9	307.5899757120777
3.0535858925E9	312.36628849270664
3.0613067165E9	310.00961538461536
3.0690275405E9	0.0
3.0767483645E9	0.0
3.0844393045E9	310.07553956834533
3.088278117E9	314.41666892019794
3.088307901E9	300.2051948748191
