# Position (bp)	A	C	G	T	N
0.0	30.032684236773672	20.51927380536663	19.469498687452234	29.949983965972947	0.028559304434513728
1.0	30.424552808993848	19.63970869952066	20.62248563170698	29.287961339725697	0.02529152005281172
2.0	29.93004040004369	20.143520401572097	20.62793931549826	29.27305345657577	0.025446426310183602
3.0	29.16388388640031	20.594818882374465	20.867011306042194	29.343924298738145	0.03036162644488811
4.0	29.210818023554502	20.497933624291544	20.86496310108361	29.3839294544118	0.04235579665853925
5.0	29.382554968731313	20.791943241953888	20.824195708270505	29.000964303746287	3.4177729801096923E-4
6.0	29.394954845809508	20.51456268807894	20.852882871838084	29.23643410909895	0.001165485174512226
7.0	29.449978531959793	20.6565502553519	20.621541441185855	29.271910100866595	1.967063585674643E-5
8.0	29.283105151498567	20.70706936589099	20.536402011538893	29.473357082675534	6.638839601651921E-5
9.0	29.386680884602264	20.684777617806333	20.600240601382485	29.32829351972048	7.376488446279911E-6
10.0	29.425395154797823	20.659343485643557	20.546121764481608	29.36910517146426	3.4423612749306256E-5
11.0	29.439821107369262	20.659311520860292	20.50645592727648	29.394386856199144	2.458829482093304E-5
12.0	29.46678709029938	20.60091923831954	20.49132920830264	29.44093003946569	3.4423612749306256E-5
13.0	29.41649665090213	20.622775773585865	20.524560288753133	29.43595090976445	2.1637699442421073E-4
14.0	29.37341549954637	20.63139151209112	20.51412501643113	29.481038465977594	2.9505953785119643E-5
15.0	29.33960905299707	20.650801512022767	20.542984298062457	29.4662215595185	3.8357739920655536E-4
16.0	29.326611680354723	20.64946636761399	20.548327334527045	29.475513476131333	8.114137290907902E-5
17.0	29.303410165361694	20.692323765486876	20.551491848070498	29.45248899686101	2.8522421992282327E-4
18.0	29.27494183761802	20.723934477308667	20.561848437849076	29.43899002300432	2.8522421992282327E-4
19.0	29.251509192653668	20.734094360728676	20.59689413445735	29.417145781885402	3.5653027490352906E-4
20.0	29.23913390387029	20.766860722407053	20.588216925215043	29.405377823984104	4.1062452350958177E-4
21.0	29.250707614242504	20.75411415037188	20.607855596288523	29.38662679035366	6.958487434324049E-4
22.0	29.221329519590455	20.766941863779962	20.62852697574448	29.382476286187888	7.253546972175247E-4
23.0	29.2251407052877	20.78505606057454	20.643496329631468	29.34611265697721	1.94247529085371E-4
24.0	29.247589818459208	20.7635585144126	20.667858412140045	29.32006135861443	9.318963737133621E-4
25.0	29.213380123874842	20.781289133807977	20.69601692736898	29.3091761204972	1.3769445099722503E-4
26.0	29.22725775747178	20.78266853714743	20.70245168412362	29.286948301979077	6.737192780935652E-4
27.0	29.223257241904417	20.78056623794024	20.71402293566635	29.280070955917665	0.002082628571333028
28.0	29.23344663127821	20.76004484708269	20.722530485674394	29.281809348361502	0.002168687603206294
29.0	29.210530340505098	20.7824251130287	20.73859155985143	29.268421021831504	3.196478326721295E-5
30.0	29.211181930317853	20.78513474311797	20.749983316841963	29.251479686699884	0.0022203230223302533
31.0	29.219072314125892	20.791658017733962	20.74873177263558	29.238514278840803	0.0020236166637627893
32.0	29.222849076210387	20.799223836050366	20.748672760728006	29.227616746576167	0.0016375804350741404
33.0	29.222293380747434	20.798363245731633	20.742820746560625	29.236485744518077	3.688244223139956E-5
34.0	29.193023474592593	20.801299088133252	20.75744586432012	29.247481629961996	7.499429920384576E-4
35.0	29.20498813885246	20.817689645460884	20.74057091758451	29.236547215255126	2.0408284701374423E-4
36.0	29.217658487173686	20.816211888942146	20.739095619895252	29.2269946627172	3.934127171349286E-5
37.0	29.214026796028637	20.79331035114593	20.75877854989941	29.232937653575412	9.46649350605922E-4
38.0	29.20985170356804	20.810959829168397	20.735431963966935	29.24373929149025	1.7211806374653128E-5
39.0	29.212303156561685	20.800586027583446	20.756708215475488	29.22807654768932	0.0023260526900602653
40.0	29.209227160879593	20.797148583967477	20.768038501728974	29.225462811949853	1.229414741046652E-4
41.0	29.203768559429342	20.804153789161962	20.76381669150822	29.2264586378901	0.0018023220103743915
42.0	29.207948569548904	20.821626231461718	20.740022598610004	29.229527257083753	8.753432956252161E-4
43.0	29.20999923333697	20.808950965481525	20.75293882987944	29.227289722255044	8.212490470191635E-4
44.0	29.207439591846107	20.819627203092775	20.743934596316013	29.227144651315605	0.001853957429498351
45.0	29.18897378243559	20.828070823534283	20.75022674096069	29.23161234448457	0.00111630858487036
46.0	29.196266670679478	20.823910484050582	20.762021745986292	29.21591025941192	0.0018908398717297507
47.0	29.197038743136854	20.809607472953246	20.750831613013286	29.241993522557962	5.286483386500603E-4
48.0	29.191272788001342	20.826593067015544	20.741429049073762	29.237425017380236	0.0032800785291124675
49.0	29.20261290957276	20.821306583629045	20.759425222053203	29.216574143372085	8.114137290907902E-5
50.0	29.21062869368438	20.812322020701476	20.754165785791002	29.222772852496444	1.1064732669419867E-4
51.0	29.207392874085947	20.800448333132447	20.767827042393517	29.22108363664224	0.003248113745845254
52.0	29.22562755352515	20.79744610233481	20.764842023402256	29.211602390159292	4.8193057849028756E-4
53.0	29.204973385875572	20.80393003567909	20.771842310937775	29.217407686566517	0.0018465809410520711
54.0	29.21756259282389	20.80333254011494	20.77373069198002	29.204284913620583	0.0010892614605673336
55.0	29.21160976664774	20.790917910059854	20.778633597967318	29.217053615121092	0.0017851102039997385
56.0	29.2176019340956	20.811660595570793	20.768773691744123	29.201113023588682	8.507550008042832E-4
57.0	29.20728714441822	20.785230637467773	20.76956789366684	29.237036522322065	8.778021251073095E-4
58.0	29.2161881071434	20.810514781032136	20.75336174855036	29.218069111697197	0.0018662515769088176
59.0	29.217941252564128	20.814131719200297	20.746371296332768	29.22144262574663	1.1310615617629196E-4
60.0	29.20989596249872	20.80783219806717	20.74531399965547	29.234737516756308	0.0022203230223302533
61.0	29.215900424093995	20.79925334200415	20.751652862060304	29.233151571740358	4.1800101195586165E-5
62.0	29.205128292132944	20.801306464621696	20.767077099401476	29.22562755352515	8.605903187326564E-4
63.0	29.228452748600077	20.796125710902928	20.750433282637186	29.224936622440683	5.1635419123959385E-5
64.0	29.23289093581526	20.786737899940295	20.764111751046073	29.21606024801033	1.991651880495576E-4
65.0	29.228413407328365	20.79190881834114	20.754763281355153	29.224162091153826	7.52401821520551E-4
66.0	29.237865147857534	20.793664422591352	20.736698261150213	29.231703321175406	6.884722549861251E-5
67.0	29.219468185672508	20.797478067118078	20.749840704732	29.23157300321285	0.0016400392645562337
68.0	29.23021327050926	20.803138292585857	20.736629413924714	29.228022453440712	0.0019965695394597626
69.0	29.252441089027382	20.789425400564223	20.741067601139893	29.214926727619083	0.0021391816494211744
70.0	29.25444995271425	20.771569380865262	20.738035864388475	29.235895625442375	4.917658964186608E-5
71.0	29.26767845532791	20.7567205096229	20.722260014431363	29.25104939154052	0.002291629077310959
72.0	29.255224484001108	20.75988010550739	20.73362718312708	29.249249528359623	0.002018699004798602
73.0	29.275836851549496	20.749518598069848	20.73062003467048	29.243348337602598	6.761781075756585E-4
74.0	29.300444817006287	20.742429792672972	20.724109054201897	29.23287372400888	1.4261210996141164E-4
75.0	29.32264558840011	20.71895780643691	20.720509327840112	29.236945545631226	9.417316916417354E-4
76.0	29.345761044361268	20.69153202239364	20.710177326356355	29.252330441700686	1.991651880495576E-4
77.0	29.35159092906331	20.674032532969584	20.723108310602683	29.25050107256601	7.671547984131107E-4
78.0	29.37689474326353	20.664873393148785	20.708200427452752	29.24935771685683	6.737192780935652E-4
79.0	29.384885939080334	20.63600919385849	20.7285300296107	29.25021093068712	3.639067633498089E-4
80.0	29.418544855860713	20.63360691745449	20.68385801558003	29.26363613965935	3.5407144542143576E-4
81.0	29.428247396997055	20.624349424454408	20.65825176535351	29.28884405950977	3.07353685261663E-4
82.0	29.427010605767556	20.602753525113183	20.642586562723093	29.32735178802883	2.975183673332898E-4
83.0	29.450295720962984	20.603638703726734	20.593805844627845	29.352181048139016	7.868254342698572E-5
84.0	29.453794635316	20.598022737189634	20.589023421285173	29.358797758275323	3.6144793386771567E-4
85.0	29.453647105547077	20.560567387688906	20.59310753705493	29.392648463755304	2.9505953785119643E-5
86.0	29.424190328351596	20.580840436768767	20.558624912398052	29.436100898362856	2.4342411872723709E-4
87.0	29.439582600909503	20.544154700895934	20.54027712680267	29.475958524267586	2.704712430302634E-5
88.0	29.381969767314576	20.555809552641055	20.57785295894802	29.484338215142564	2.9505953785119643E-5
89.0	29.35192041221391	20.590282341980004	20.596517933546593	29.461232594499332	4.671776015977277E-5
90.0	29.307029562359332	20.652751363802064	20.633850341573215	29.406366273435903	2.4588294820933037E-6
91.0	29.445483791666526	20.604671412109212	20.639830214873665	29.30996048710199	5.409424860605268E-5
92.0	29.283641176325663	20.67594058464769	20.583262383808627	29.45714847872958	7.376488446279911E-6
93.0	29.23211148686943	20.90899827827842	20.456590865379624	29.401020778141834	0.001278591330688518
94.0	28.994170557887262	20.877640825893284	20.73933412635502	29.38849304193057	3.6144793386771567E-4
95.0	29.366257846924	20.897124590709392	20.45580649877484	29.23827331355156	0.04253775004021416
96.0	29.320430183036745	20.926974780622004	20.5415090003732	29.180121996300052	0.030964039668000976
97.0	29.25699238239873	20.703666345887772	20.06936948088061	29.943829515779267	0.026142275053616007
98.0	29.280073414747143	20.666865045029283	19.59823316381671	30.42873773677237	0.026090639634492048
99.0	29.9328680539481	19.508594076217516	20.464631237786072	30.064695737801046	0.02921089424726845
