#Insert size (bp)	insert size
86.0	1.0
89.0	1.0
90.0	4.0
91.0	1.0
92.0	2.0
93.0	5.0
94.0	5.0
95.0	6.0
96.0	12.0
97.0	27.0
98.0	36.0
99.0	29.0
100.0	113.0
101.0	10389.0
102.0	11219.0
103.0	12196.0
104.0	12789.0
105.0	13590.0
106.0	14485.0
107.0	15332.0
108.0	15889.0
109.0	16709.0
110.0	17401.0
111.0	18459.0
112.0	19890.0
113.0	20255.0
114.0	21298.0
115.0	22294.0
116.0	23104.0
117.0	23973.0
118.0	24665.0
119.0	25570.0
120.0	26263.0
121.0	27180.0
122.0	27821.0
123.0	28739.0
124.0	29657.0
125.0	30917.0
126.0	31643.0
127.0	32182.0
128.0	32594.0
129.0	33599.0
130.0	34306.0
131.0	34236.0
132.0	34798.0
133.0	35730.0
134.0	36064.0
135.0	36745.0
136.0	37391.0
137.0	37673.0
138.0	38270.0
139.0	38806.0
140.0	39182.0
141.0	39118.0
142.0	39884.0
143.0	40016.0
144.0	40388.0
145.0	40748.0
146.0	41410.0
147.0	42080.0
148.0	41974.0
149.0	41757.0
150.0	41462.0
151.0	41852.0
152.0	42292.0
153.0	42405.0
154.0	42308.0
155.0	43027.0
156.0	43726.0
157.0	44094.0
158.0	44231.0
159.0	43872.0
160.0	44167.0
161.0	44023.0
162.0	44058.0
163.0	43946.0
164.0	44282.0
165.0	44516.0
166.0	44750.0
167.0	44678.0
168.0	44932.0
169.0	45269.0
170.0	44824.0
171.0	45199.0
172.0	45235.0
173.0	44832.0
174.0	44771.0
175.0	45431.0
176.0	44771.0
177.0	45184.0
178.0	45530.0
179.0	45631.0
180.0	45816.0
181.0	45724.0
182.0	45278.0
183.0	45320.0
184.0	45424.0
185.0	44913.0
186.0	45570.0
187.0	45286.0
188.0	45449.0
189.0	45553.0
190.0	45860.0
191.0	45584.0
192.0	45774.0
193.0	45827.0
194.0	45407.0
195.0	45238.0
196.0	45551.0
197.0	45469.0
198.0	45639.0
199.0	45690.0
200.0	45634.0
201.0	45918.0
202.0	45844.0
203.0	45491.0
204.0	45529.0
205.0	44991.0
206.0	45265.0
207.0	45580.0
208.0	44990.0
209.0	45383.0
210.0	45234.0
211.0	45579.0
212.0	45498.0
213.0	45389.0
214.0	45095.0
215.0	45359.0
216.0	45212.0
217.0	45601.0
218.0	45219.0
219.0	45360.0
220.0	45356.0
221.0	45793.0
222.0	45587.0
223.0	46013.0
224.0	45946.0
225.0	45616.0
226.0	46130.0
227.0	46403.0
228.0	46078.0
229.0	46554.0
230.0	46682.0
231.0	46989.0
232.0	47221.0
233.0	47629.0
234.0	47714.0
235.0	47904.0
236.0	48478.0
237.0	49074.0
238.0	49735.0
239.0	50850.0
240.0	51229.0
241.0	52220.0
242.0	53595.0
243.0	55002.0
244.0	55715.0
245.0	57407.0
246.0	58418.0
247.0	60062.0
248.0	62325.0
249.0	64243.0
250.0	66042.0
251.0	68735.0
252.0	70963.0
253.0	73434.0
254.0	76246.0
255.0	79212.0
256.0	81888.0
257.0	85420.0
258.0	88482.0
259.0	91580.0
260.0	95043.0
261.0	99199.0
262.0	103282.0
263.0	106336.0
264.0	111120.0
265.0	115303.0
266.0	118558.0
267.0	123730.0
268.0	127757.0
269.0	132202.0
270.0	135656.0
271.0	139824.0
272.0	143710.0
273.0	147471.0
274.0	150327.0
275.0	153892.0
276.0	155979.0
277.0	158299.0
278.0	160397.0
279.0	161932.0
280.0	162077.0
281.0	163008.0
282.0	163202.0
283.0	162677.0
284.0	162807.0
285.0	162596.0
286.0	161543.0
287.0	160259.0
288.0	159416.0
289.0	157830.0
290.0	157256.0
291.0	155962.0
292.0	155201.0
293.0	154007.0
294.0	152727.0
295.0	152161.0
296.0	151128.0
297.0	150017.0
298.0	149048.0
299.0	148042.0
300.0	147701.0
301.0	145726.0
302.0	145564.0
303.0	143605.0
304.0	142463.0
305.0	142104.0
306.0	140608.0
307.0	139396.0
308.0	138405.0
309.0	137266.0
310.0	135934.0
311.0	135578.0
312.0	134660.0
313.0	133328.0
314.0	132760.0
315.0	131954.0
316.0	130631.0
317.0	129285.0
318.0	128422.0
319.0	127536.0
320.0	126625.0
321.0	125159.0
322.0	124168.0
323.0	123226.0
324.0	122631.0
325.0	121613.0
326.0	121384.0
327.0	119657.0
328.0	118707.0
329.0	118307.0
330.0	117502.0
331.0	116077.0
332.0	115874.0
333.0	114349.0
334.0	113452.0
335.0	113641.0
336.0	112310.0
337.0	112080.0
338.0	111671.0
339.0	110717.0
340.0	110323.0
341.0	108997.0
342.0	108734.0
343.0	108418.0
344.0	107091.0
345.0	106251.0
346.0	106704.0
347.0	105704.0
348.0	104185.0
349.0	104160.0
350.0	104563.0
351.0	102693.0
352.0	102785.0
353.0	101417.0
354.0	101221.0
355.0	100581.0
356.0	100177.0
357.0	99428.0
358.0	98743.0
359.0	98260.0
360.0	97880.0
361.0	97550.0
362.0	96842.0
363.0	96172.0
364.0	95792.0
365.0	95815.0
366.0	94520.0
367.0	93452.0
368.0	93130.0
369.0	92161.0
370.0	91444.0
371.0	91312.0
372.0	91529.0
373.0	90202.0
374.0	89472.0
375.0	89109.0
376.0	88037.0
377.0	86970.0
378.0	86375.0
379.0	85149.0
380.0	83828.0
381.0	83441.0
382.0	81955.0
383.0	81150.0
384.0	80149.0
385.0	78690.0
386.0	77266.0
387.0	75558.0
388.0	74172.0
389.0	72460.0
390.0	71126.0
391.0	69024.0
392.0	66770.0
393.0	64775.0
394.0	63239.0
395.0	60815.0
396.0	58439.0
397.0	56175.0
398.0	53597.0
399.0	51554.0
400.0	48965.0
401.0	46716.0
402.0	44191.0
403.0	41082.0
404.0	39087.0
405.0	36338.0
406.0	33921.0
407.0	31640.0
408.0	29344.0
409.0	27224.0
410.0	25041.0
411.0	23522.0
412.0	21711.0
413.0	19957.0
414.0	18653.0
415.0	17299.0
416.0	16161.0
417.0	15535.0
418.0	14428.0
419.0	13906.0
420.0	13302.0
421.0	12918.0
422.0	12593.0
423.0	12185.0
424.0	11910.0
425.0	11813.0
426.0	11225.0
427.0	11324.0
428.0	11432.0
429.0	11167.0
430.0	10910.0
431.0	10700.0
432.0	10659.0
433.0	10342.0
434.0	10214.0
435.0	10232.0
436.0	10152.0
437.0	9880.0
438.0	9872.0
439.0	9602.0
440.0	9587.0
441.0	9514.0
442.0	9344.0
443.0	9221.0
444.0	9054.0
445.0	8922.0
446.0	8976.0
447.0	8767.0
448.0	8730.0
449.0	8578.0
450.0	8616.0
451.0	8352.0
452.0	8176.0
453.0	8228.0
454.0	8002.0
455.0	7959.0
456.0	7795.0
457.0	7914.0
458.0	7609.0
459.0	7765.0
460.0	7578.0
461.0	7364.0
462.0	7218.0
463.0	7262.0
464.0	7061.0
465.0	6988.0
466.0	6936.0
467.0	6749.0
468.0	6630.0
469.0	6785.0
470.0	6547.0
471.0	6477.0
472.0	6471.0
473.0	6210.0
474.0	6191.0
475.0	6273.0
476.0	6085.0
477.0	6008.0
478.0	5990.0
479.0	5880.0
480.0	5763.0
481.0	5799.0
482.0	5530.0
483.0	5709.0
484.0	5472.0
485.0	5342.0
486.0	5445.0
487.0	5274.0
488.0	5346.0
489.0	5216.0
490.0	4938.0
491.0	5013.0
492.0	4924.0
493.0	4992.0
494.0	4746.0
495.0	4708.0
496.0	4556.0
497.0	4661.0
498.0	4525.0
499.0	4547.0
500.0	4544.0
