#Position (bp)	insert size
3860412.5	288.72390658174095
1.15812365E7	287.2433266635446
1.93020605E7	285.7811717677461
2.70228845E7	284.4184704948399
3.47437085E7	286.3351972442431
4.24645325E7	287.1422718118475
5.01853565E7	286.30111721936515
5.79061805E7	285.9590037024571
6.56270045E7	288.36890193484373
7.33478285E7	289.7501890325136
8.10686525E7	290.8731005962685
8.87894765E7	289.79552076071997
9.65103005E7	289.66753912427066
1.042311245E8	290.4265732993816
1.119519485E8	288.5640724782642
1.196727725E8	289.2122367145501
1.273935965E8	296.41745459214644
1.351144205E8	0.0
1.428352445E8	298.3140849902684
1.505560685E8	289.39795795939915
1.582768925E8	288.1956321096472
1.659977165E8	288.4220770399279
1.737185405E8	288.889794748906
1.814393645E8	288.4733231994573
1.891601885E8	290.4374004001965
1.968810125E8	290.4091124260355
2.046018365E8	288.6248146584846
2.123226605E8	289.221094517936
2.200434845E8	290.1788989273509
2.277643085E8	288.1018991004261
2.354851325E8	288.8418306047403
2.432059565E8	288.3746310112472
2.480113955E8	290.25451233647954
2.518718075E8	290.0008118071359
2.586476045E8	288.5214326796206
2.663684285E8	288.63187444324626
2.740892525E8	288.1087380068375
2.818100765E8	288.59158687804114
2.895309005E8	288.13597692512786
2.972517245E8	289.0239479295253
3.049725485E8	290.6702626962247
3.126933725E8	289.12872585547603
3.204141965E8	287.89550890864285
3.281350205E8	289.5786402496947
3.358558445E8	289.374384009048
3.435766685E8	289.95270647989906
3.512974925E8	290.10570180799874
3.590183165E8	288.5159343948282
3.667391405E8	288.3900717999505
3.744599645E8	287.8710270406803
3.821807885E8	289.57967556719996
3.899016125E8	290.8840899979466
3.976224365E8	290.35637267869424
4.053432605E8	290.43306006242926
4.130640845E8	291.04234463052626
4.207849085E8	289.53543232638395
4.285057325E8	290.8695691229751
4.362265565E8	290.3977953510664
4.439473805E8	290.4626880564086
4.516682045E8	288.8901560483398
4.593890285E8	290.4604443284507
4.671098525E8	289.00995909846193
4.748306765E8	288.47155679356234
4.825515005E8	288.0997620425751
4.88780932E8	288.6999700867484
4.92641344E8	289.96846217105264
4.979931485E8	288.152687387223
5.057139725E8	286.90194186714837
5.134347965E8	289.76828272617706
5.211556205E8	288.7503268236761
5.288764445E8	288.74710842178354
5.365972685E8	287.7145324040362
5.443180925E8	288.84959470146305
5.520389165E8	287.9889975783231
5.597597405E8	289.3398766425315
5.674805645E8	290.7819736373352
5.752013885E8	291.39812251975854
5.829222125E8	291.6838934498848
5.906430365E8	290.9735479765406
5.983638605E8	290.7140044625279
6.060846845E8	289.96699096024804
6.138055085E8	287.23427183256507
6.215263325E8	287.15520427429396
6.292471565E8	287.7228361941814
6.369679805E8	290.22840907151755
6.446888045E8	289.5551585445702
6.524096285E8	289.67914049333535
6.601304525E8	290.76095372912863
6.678512765E8	289.9116166062185
6.755721005E8	287.62432319866724
6.832929245E8	288.799396653488
6.882994235E8	287.177894380501
6.921598355E8	288.3295286016949
6.987345725E8	288.2088523442967
7.064553965E8	287.6235948166619
7.141762205E8	287.98727663424563
7.218970445E8	291.1734626875472
7.296178685E8	287.904105786959
7.373386925E8	289.22449232907996
7.450595165E8	288.8959395959677
7.527803405E8	291.59715331713824
7.605011645E8	289.6776233098457
7.682219885E8	289.36915576822753
7.759428125E8	289.48285698711777
7.836636365E8	290.57580647930365
7.913844605E8	289.8452085215297
7.991052845E8	290.2203160858738
8.068261085E8	290.31052221097525
8.145469325E8	290.1238765286577
8.222677565E8	291.3398630895995
8.299885805E8	290.4969555752092
8.377094045E8	289.7579469183333
8.454302285E8	290.56981373175404
8.531510525E8	290.5495673585462
8.608718765E8	290.39408188222325
8.685927005E8	290.90619874870924
8.76056589E8	288.7711873444721
8.79917001E8	290.67477876106193
8.840343485E8	290.20359037720766
8.917551725E8	289.42777109468983
8.994759965E8	290.1180285112008
9.071968205E8	290.3730598970097
9.149176445E8	288.74542560321714
9.226384685E8	290.5316265343333
9.303592925E8	290.76873760170196
9.380801165E8	289.6563000348068
9.458009405E8	289.3538624498752
9.535217645E8	289.0982308954952
9.612425885E8	289.83282745322094
9.689634125E8	291.81794948180436
9.766842365E8	290.80733592025155
9.844050605E8	291.0268210859927
9.921258845E8	289.3763550467528
9.998467085E8	290.3815973119669
1.0075675325E9	290.60386728271544
1.0152883565E9	288.5924530946166
1.0230091805E9	288.7055746280857
1.0307300045E9	285.5270767909993
1.0384508285E9	287.4091987479814
1.0461716525E9	289.8625913297613
1.0538924765E9	285.14309588974737
1.0594756065E9	287.11255153231014
1.0633360185E9	290.44226706106065
1.0693341245E9	288.3090777850342
1.0770549485E9	289.08033530004315
1.0847757725E9	289.7610179172679
1.0924965965E9	288.3609959040676
1.1002174205E9	287.1183227802086
1.1079382445E9	289.3806577625236
1.1156590685E9	290.20298169940116
1.1233798925E9	291.00201856417215
1.1311007165E9	290.211485001105
1.1388215405E9	289.6898538523264
1.1465423645E9	289.59369749019817
1.1542631885E9	290.97568566426764
1.1619840125E9	290.94526625582245
1.1697048365E9	289.15855785052923
1.1774256605E9	289.8587150609792
1.1851464845E9	290.7298551444604
1.1928673085E9	290.37633029318084
1.2005881325E9	289.8368664040028
1.2083089565E9	289.1165665967954
1.2160297805E9	288.8652686145146
1.2237506045E9	289.8497071204258
1.22980766E9	290.0305387809876
1.233668072E9	287.7076509586096
1.2391922525E9	287.8219767843194
1.2469130765E9	291.338404095311
1.2546339005E9	290.2458870678497
1.2623547245E9	289.3006653609079
1.2700755485E9	288.48197552640283
1.2777963725E9	289.8313235484288
1.2855171965E9	289.3622134520111
1.2932380205E9	290.62008218688584
1.3009588445E9	284.69463273978147
1.3086796685E9	287.6045526939362
1.3164004925E9	290.9705054077954
1.3241213165E9	290.88392089423905
1.3318421405E9	287.7772445586457
1.3395629645E9	289.68007033997657
1.3472837885E9	291.28089286230943
1.3550046125E9	290.6733830029833
1.3627254365E9	289.13270004436083
1.3704462605E9	288.0043077033993
1.3781670845E9	290.0923498933252
1.3858879085E9	288.54987111448065
1.3905492985E9	288.70717504332754
1.3944097105E9	290.5288475168927
1.4013295565E9	288.67225168218886
1.4090503805E9	289.07718411071926
1.4167712045E9	287.4279036391594
1.4244920285E9	289.2871334760542
1.4322128525E9	288.1250583975707
1.4399336765E9	289.58061325420374
1.4476545005E9	289.835486252076
1.4553753245E9	289.4795759166017
1.4630961485E9	290.2070054849684
1.4708169725E9	290.38195102151263
1.4785377965E9	289.7133514701266
1.4862586205E9	288.9521678473719
1.4939794445E9	288.2413683283688
1.5017002685E9	290.60338780949706
1.5094210925E9	288.7379514844057
1.5171419165E9	286.1727310562145
1.5248627405E9	285.63440300664934
1.5325835645E9	287.98199775533107
1.5364664445E9	0.0
1.5403268565E9	288.53935500035794
1.5480252125E9	290.94044615917295
1.5557460365E9	290.4214730412311
1.5634668605E9	290.12698933268894
1.5711876845E9	288.5958226948993
1.5789085085E9	290.33142364749995
1.5866293325E9	0.0
1.5943501565E9	287.86747279322856
1.6020709805E9	289.5260015274596
1.6097918045E9	289.5913224774435
1.6175126285E9	288.962113269241
1.6252334525E9	288.365355664283
1.6329542765E9	287.80945425293197
1.6406751005E9	287.9855287264044
1.6483959245E9	286.3228446901244
1.6561167485E9	285.4764185952365
1.6638375725E9	286.7893696281035
1.671290807E9	288.56825682568257
1.675151219E9	290.0487734068805
1.6792792205E9	288.9253023500384
1.6870000445E9	288.6240836368666
1.6947208685E9	288.7150084317032
1.7024416925E9	287.77730483489796
1.7101625165E9	288.7141404528804
1.7178833405E9	295.16142422615854
1.7256041645E9	289.54957620985255
1.7333249885E9	290.4803941556235
1.7410458125E9	288.4956884220851
1.7487666365E9	288.0603285307883
1.7564874605E9	287.5147372832312
1.7642082845E9	287.7515858608522
1.7719291085E9	287.35013612565444
1.7796499325E9	288.45938823049323
1.7873707565E9	288.50317497648166
1.7950915805E9	288.51686692907947
1.8028124045E9	290.02178875568984
1.807676934E9	289.173330637416
1.811537346E9	288.98109772876404
1.8182540525E9	288.1899464436719
1.8259748765E9	287.7664789103856
1.8336957005E9	290.1818812243561
1.8414165245E9	289.01885536424317
1.8491373485E9	288.7413625834043
1.8568581725E9	287.80226148047484
1.8645789965E9	289.45710013931836
1.8722998205E9	287.0557020370696
1.8800206445E9	286.5262798935164
1.8877414685E9	286.0806928311224
1.8954622925E9	288.7545176643579
1.9031831165E9	288.9885739107443
1.9109039405E9	289.4053016651049
1.9186247645E9	287.8664741125271
1.9263455885E9	288.48138514891883
1.9340664125E9	289.375051542991
1.940847249E9	289.5535498224113
1.944707661E9	287.4661936137861
1.9495080605E9	287.8419057079174
1.9572288845E9	289.448403628227
1.9649497085E9	290.739801233802
1.9726705325E9	288.56774201495386
1.9803913565E9	289.6120633160256
1.9881121805E9	289.55463662661043
1.9958330045E9	288.7552824683936
2.0035538285E9	289.0985142797144
2.0112746525E9	288.3011349883005
2.0189954765E9	290.25860664469315
2.0267163005E9	290.0931378121329
2.0344371245E9	289.3639660599425
2.0421579485E9	285.6131952671376
2.0498787725E9	285.5046797667467
2.0575995965E9	285.7292702856331
2.0653204205E9	284.5267179779202
2.0730412445E9	287.4233500272031
2.0769723195E9	287.55242390078917
2.0808327315E9	0.0
2.0884828925E9	0.0
2.0962037165E9	288.9146484905148
2.1039245405E9	289.0292583310127
2.1116453645E9	290.30303998863553
2.1193661885E9	288.76002930939734
2.1270870125E9	287.9878315611685
2.1348078365E9	291.0652393034653
2.1425286605E9	291.86817189833124
2.1502494845E9	290.9201835889399
2.1579703085E9	290.8567403182021
2.1656911325E9	290.8577427645172
2.1734119565E9	289.8015176387819
2.1811327805E9	290.58111326420425
2.1882002515E9	290.0635446323088
2.1920606635E9	0.0
2.1965744285E9	0.0
2.2042952525E9	294.7061403508772
2.2120160765E9	290.0933748250718
2.2197369005E9	289.8850393154085
2.2274577245E9	289.0331805838425
2.2351785485E9	290.7908816366293
2.2428993725E9	289.5769230769231
2.2506201965E9	289.43409937451685
2.2583410205E9	288.1074276656327
2.2660618445E9	286.9902144825658
2.2737826685E9	290.1322565562273
2.2815034925E9	287.98150689077664
2.2892243165E9	288.03319638894584
2.2957678785E9	288.6554351010841
2.2996282905E9	0.0
2.3046659645E9	0.0
2.3123867885E9	0.0
2.3201076125E9	274.4927487167287
2.3278284365E9	288.59449463729067
2.3355492605E9	290.0485494653453
2.3432700845E9	289.5624385264916
2.3509909085E9	288.7391845196959
2.3587117325E9	288.46774193548384
2.3664325565E9	286.7973272531509
2.3741533805E9	287.1946315275744
2.3818742045E9	287.9613859120552
2.3895950285E9	287.59550561797755
2.396948829E9	290.93487952794624
2.400809241E9	289.08099367925917
2.4050366765E9	287.58573254406025
2.4127575005E9	283.41951818321314
2.4204783245E9	283.73004658385094
2.4281991485E9	284.031837430283
2.4359199725E9	298.95454545454544
2.4436407965E9	292.8886288311067
2.4513616205E9	287.4003448606188
2.4590824445E9	287.384677840283
2.4668032685E9	287.6776763515598
2.4745240925E9	288.539748334567
2.4822449165E9	286.99404104254586
2.4884429455E9	286.7657181419413
2.4923033575E9	285.0095884938074
2.4976865645E9	285.8632639764898
2.5054073885E9	287.0073195090541
2.5131282125E9	288.02741508400294
2.5208490365E9	287.1548171120515
2.5285698605E9	286.9644087681383
2.5362906845E9	287.21558675769677
2.5440115085E9	287.92949580284113
2.5517323325E9	287.522926803115
2.5594531565E9	288.80111031821866
2.5671739805E9	286.91488547848667
2.572536198E9	289.09297034764825
2.57639661E9	288.0649042122255
2.5826156285E9	289.44212826072675
2.5903364525E9	290.4506749280814
2.5980572765E9	289.1325341587965
2.6057781005E9	290.69415402487357
2.6134989245E9	290.40004904064244
2.6212197485E9	288.5155438644438
2.6289405725E9	289.8684148096601
2.6366613965E9	289.7142786110881
2.6443822205E9	290.93421925834804
2.6513269605E9	290.28246569225223
2.6551873725E9	287.48936563713704
2.6598238685E9	284.6953929938181
2.6675446925E9	284.5544551708833
2.6752655165E9	285.4117167692865
2.6829863405E9	288.52084692324416
2.6907071645E9	284.4479219591505
2.6984279885E9	284.8213843614607
2.7061488125E9	283.2848869205168
2.7115190645E9	285.7031100934936
2.7153794765E9	285.0362456747405
2.7215904605E9	289.0998165914221
2.7293112845E9	288.89703939568443
2.7370321085E9	289.15217431378693
2.7447529325E9	285.786491149842
2.7524737565E9	286.1651936573954
2.7601945805E9	284.18288117200217
2.7679154045E9	285.7221537377829
2.774624444E9	288.84674641329445
2.778484856E9	0.0
2.7833570525E9	288.97438180900645
2.7910778765E9	290.5025012011418
2.7987987005E9	290.41173122673615
2.8065195245E9	289.2607070965446
2.8142403485E9	288.9144027243958
2.8211419075E9	287.5867623558955
2.8250023195E9	0.0
2.8296819965E9	0.0
2.8374028205E9	288.2967722728062
2.8451236445E9	288.37990435372575
2.8528444685E9	285.57384471966975
2.8605652925E9	284.0502358205345
2.8682861165E9	286.2645617529881
2.8735740255E9	288.75145360740316
2.8774344375E9	283.0475863422292
2.8837277645E9	289.73616993967397
2.8914485885E9	288.78142840939165
2.8991694125E9	288.0555464256368
2.9068902365E9	290.37814160562976
2.9146110605E9	287.73575218799533
2.9223318845E9	287.0244879895754
2.9300527085E9	286.24714352793865
2.9377735325E9	286.82187262116213
2.9454943565E9	287.06681614349776
2.9532151805E9	289.4349279538905
2.9609360045E9	289.8023115514066
2.9686568285E9	289.98461087888387
2.9763776525E9	288.9739281703477
2.9840984765E9	288.95667862373443
2.9918193005E9	288.96932205832894
2.9995401245E9	289.0023630225915
3.0072609485E9	289.1022624781716
3.0149817725E9	288.4670884030199
3.0227025965E9	289.3689302238632
3.028802713E9	287.89932111337407
3.032663125E9	290.40458015267177
3.0381442445E9	284.4016842105263
3.0458650685E9	285.9009656872817
3.0535858925E9	293.68794326241135
3.0613067165E9	293.6536312849162
3.0690275405E9	0.0
3.0767483645E9	0.0
3.0844393045E9	290.1507742461288
3.088278117E9	293.38558387915737
3.088307901E9	279.29081881888993
