# Position (bp)	A	C	G	T	N
0.0	30.35162760544905	20.554001005970136	19.223309628558344	29.841968899319827	0.029092860702641214
1.0	30.599658665745366	19.537349752475798	20.464715593385982	29.3725312791521	0.025744709240757925
2.0	30.081997362522017	20.099608433171433	20.425530889077	29.36693729070963	0.025926024519924526
3.0	29.33675859873289	20.56874935560962	20.568442355875575	29.49498708581924	0.031062603962678393
4.0	29.42235383330582	20.370602661494015	20.584964710689633	29.579389348271295	0.042689446239236775
5.0	29.56550430660875	20.654981254060534	20.56810445012804	29.210995848621852	4.14140580823717E-4
6.0	29.612598889971377	20.369137716454386	20.591990677757337	29.42506326048882	0.0012094553280772233
7.0	29.667871204504596	20.503232727803486	20.31905555178731	29.509819911895608	2.0604008996204824E-5
8.0	29.49945609537052	20.523434958624264	20.27682763534959	29.70022980063314	5.151002249051206E-5
9.0	29.589602755530713	20.538673683677857	20.335326537691614	29.536394962698914	2.0604008996204823E-6
10.0	29.648404536804986	20.500972468016602	20.292503165393903	29.55807862176652	4.120801799240965E-5
11.0	29.67670208276037	20.474793014186023	20.253600736008167	29.594865019428347	3.9147617092789164E-5
12.0	29.707329942133224	20.440893238184568	20.23193356014776	29.619812353520945	3.090601349430723E-5
13.0	29.663921415980028	20.440258634707487	20.269251541241683	29.62636236798084	2.0604008996204823E-4
14.0	29.618858387904424	20.471984687759843	20.24924710890727	29.659885090617667	2.472481079544579E-5
15.0	29.581717601287867	20.485562729688343	20.288629611702618	29.643686218744854	4.0383857632561457E-4
16.0	29.571930697014672	20.49188403964838	20.2838288776065	29.652298694505262	5.769122518937351E-5
17.0	29.52460122794949	20.522392395769057	20.294031982861423	29.65867151448779	3.028789322442109E-4
18.0	29.516299872724915	20.5389848042137	20.312995912741528	29.631443316599302	2.7609372054914464E-4
19.0	29.502944354093575	20.561496744442955	20.32883009365511	29.606322908831135	4.05898977225235E-4
20.0	29.491340176226917	20.596020821916998	20.32491739234673	29.587286864919538	4.3474458981992184E-4
21.0	29.48131014464756	20.577234086514256	20.347202688477026	29.593544302451686	7.087779094694459E-4
22.0	29.464478729698563	20.607210859202834	20.350948497312537	29.576636652669404	7.252611166664099E-4
23.0	29.47646614213255	20.61423888667144	20.37406001420358	29.535072185321358	1.627716710700181E-4
24.0	29.494035180603618	20.58498325429773	20.372358123060494	29.547677718025234	9.457240129258015E-4
25.0	29.465908647922895	20.600706173562735	20.398955838273693	29.534318078592097	1.1126164857950604E-4
26.0	29.473319909958835	20.59956677186524	20.4162858702404	29.510147515638646	6.799322968747592E-4
27.0	29.478697556306845	20.599179416496114	20.43805606614579	29.481985956142637	0.002081004908616687
28.0	29.48600785869869	20.5867716822786	20.4428815250527	29.482064251376823	0.0022746825931810126
29.0	29.46958440312782	20.59290343535587	20.446621152685516	29.49082095520021	7.00536305870964E-5
30.0	29.473278701940842	20.59896513480255	20.45956047033513	29.465906587522	0.0022891053994783563
31.0	29.465422393310586	20.600145744518038	20.469431851045215	29.462916945816648	0.002083065309516308
32.0	29.47792902677128	20.605451276834557	20.45989013447907	29.45507712039359	0.0016524415214956268
33.0	29.500735604329183	20.597222035641476	20.447865634828887	29.454112852772568	6.387242788823495E-5
34.0	29.455588099816698	20.610291158547767	20.451452792795124	29.481893238102153	7.747107382573013E-4
35.0	29.467433344588617	20.626850600578017	20.44853526512126	29.45699535363114	1.854360809658434E-4
36.0	29.47540915647105	20.61693595144904	20.457518613043607	29.450070346207514	6.593282878785543E-5
37.0	29.467280874922047	20.61059815828181	20.467614577451748	29.453568906935068	9.374824093273196E-4
38.0	29.469605007136817	20.605628471311928	20.46070193243352	29.464029562302446	3.50268152935482E-5
39.0	29.461215054673563	20.598425309766853	20.4678721275642	29.470043872528436	0.002443635466949892
40.0	29.468473847042926	20.596416418889724	20.476575260964196	29.458379943035684	1.545300674715362E-4
41.0	29.464684769788523	20.618812976668597	20.47133360107556	29.443326654063057	0.0018419984042607111
42.0	29.47375465454865	20.613938068140094	20.458433431043037	29.453004357088574	8.694891796398437E-4
43.0	29.48288429093487	20.616931830647246	20.460100295370832	29.439191429457516	8.921535895356689E-4
44.0	29.47191883734709	20.61047247382693	20.449196653810038	29.466522647390985	0.0018893876249519823
45.0	29.469827530433975	20.628216646374465	20.453937636280067	29.44693853684009	0.0010796500714011328
46.0	29.46893743724534	20.626663104096153	20.46177746170312	29.440769696546624	0.0018523004087588136
47.0	29.461948557393825	20.622725677976977	20.462259595513636	29.452549008489758	5.171606258047412E-4
48.0	29.45743421902276	20.643488337842452	20.444775033479452	29.450894506567366	0.0034079030879722782
49.0	29.479853441211528	20.611597452718126	20.473882316988394	29.434547285829776	1.1950325217798799E-4
50.0	29.47769208066783	20.607563187756668	20.46076168405961	29.453892389876312	9.065763958330123E-5
51.0	29.47116060981603	20.60951850821041	20.469374159820024	29.44662535590335	0.003321366250188218
52.0	29.47599431032654	20.60767444940525	20.47835956814327	29.437425665886547	5.460062383994278E-4
53.0	29.4729428565942	20.604540579636925	20.48160263915927	29.439094590615237	0.001819333994364886
54.0	29.47845442900069	20.609594743043694	20.478648024269212	29.432216972412302	0.0010858312740999942
55.0	29.494539978824026	20.601402589066804	20.477904219544453	29.424385388592846	0.001767823971874374
56.0	29.475262868007174	20.614918818968313	20.483879382153354	29.425116830912213	8.220999589485724E-4
57.0	29.481067017341406	20.60376586889867	20.46824506012703	29.44601959803886	9.024555940337713E-4
58.0	29.46133455792574	20.62933338366206	20.457508311039106	29.449963205360735	0.0018605420123572957
59.0	29.47793520797398	20.6122670830105	20.458631229529402	29.451030493026735	1.3598645937495184E-4
60.0	29.484229732722323	20.601592145949567	20.464624935746397	29.44728262379033	0.0022705617913817717
61.0	29.481716043624782	20.607136684770445	20.461556998806863	29.449528460770914	6.181202698861447E-5
62.0	29.464861964265893	20.609118790435883	20.468039020037068	29.457075709266224	9.045159949333918E-4
63.0	29.465644916607747	20.608133918805866	20.4743747528034	29.451772237350603	7.417443238633737E-5
64.0	29.490206955732123	20.59566643296226	20.4705794943463	29.443345197671157	2.0191928816280728E-4
65.0	29.49352008037871	20.59176403365838	20.476764817846963	29.43717635737769	7.747107382573013E-4
66.0	29.487901367125446	20.598419128564156	20.465615988579117	29.447993462100698	7.00536305870964E-5
67.0	29.47767971826243	20.58935748540762	20.47617348278877	29.455019429168406	0.0017698843727739942
68.0	29.485554570500778	20.606973913099377	20.464202553561975	29.44123740755084	0.0020315552870257955
69.0	29.521632190253133	20.585854803878266	20.460133261785227	29.430173054719884	0.002206689363493537
70.0	29.521267499293902	20.57400337790365	20.44875778841842	29.455919824361537	5.151002249051206E-5
71.0	29.51402931093353	20.570125703410564	20.44675713914489	29.466862613539423	0.002225232971590121
72.0	29.534093494894037	20.571438178783623	20.451941107808334	29.440446213605387	0.002081004908616687
73.0	29.518067696696793	20.563693131801948	20.45434559565819	29.463215703947093	6.778718959751386E-4
74.0	29.556228381758658	20.555742044730316	20.449120418976754	29.438773168074896	1.3598645937495184E-4
75.0	29.579030838514758	20.536248591819007	20.454755615437215	29.429006867810692	9.580864183235243E-4
76.0	29.58919273575169	20.516099931421618	20.4510386522143	29.443485304932327	1.8337568006622293E-4
77.0	29.600079894105285	20.492712320810025	20.45625970809394	29.450165124648898	7.829523418557832E-4
78.0	29.609685483099312	20.484991998639146	20.453216495965197	29.451386942382374	7.190799139675483E-4
79.0	29.628744191420804	20.450062022187883	20.45608457401747	29.46474246101371	3.6675136013244585E-4
80.0	29.648554946070654	20.461070744194554	20.42150692612004	29.468531538268117	3.3584534663813864E-4
81.0	29.679250798673202	20.446248220122683	20.389997215162143	29.48422561192052	2.7815412144876513E-4
82.0	29.66916307586866	20.428036336570937	20.380272122915937	29.522248250122118	2.802145223483856E-4
83.0	29.67363826662264	20.424960158027805	20.348768593160738	29.552544384950142	8.859723868368074E-5
84.0	29.685563867029636	20.425549432685095	20.333414485656768	29.55503128883598	4.4092579251878324E-4
85.0	29.69323679997982	20.38018352567725	20.332895264630064	29.59365762450117	2.678521169506627E-5
86.0	29.663684469876568	20.40309930448283	20.291676944633156	29.641327059714783	2.122212926609097E-4
87.0	29.650697763006264	20.382713697981984	20.292517588200198	29.67401738038816	5.357042339013254E-5
88.0	29.601662281996195	20.38579193692602	20.34831530496282	29.664213992907772	1.648320719696386E-5
89.0	29.59438700641963	20.42302956238486	20.361652279986064	29.620896124394147	3.50268152935482E-5
90.0	29.543692902685372	20.488249492461446	20.403993518473264	29.56405584477632	8.24160359848193E-6
91.0	29.73426144229217	20.423396313744995	20.379604553024457	29.462679999713192	5.769122518937351E-5
92.0	29.550063662266997	20.47156642637722	20.34500424071713	29.63335124783236	1.4422806297343377E-5
93.0	29.452211102742222	20.738715946621113	20.230217246198375	29.577633886704817	0.001221817733474946
94.0	29.251631075164163	20.684166832803662	20.516722172493303	29.54710492657514	3.749929637309278E-4
95.0	29.588549890671008	20.69290087221715	20.26043508579221	29.41566783238655	0.04244631893308156
96.0	29.527399252371172	20.720934686857387	20.428656517241723	29.292332234535266	0.030677308994449363
97.0	29.40063720782382	20.58790078197159	19.951754064614665	30.034119826817534	0.025588118772386773
98.0	29.415272235413823	20.590869819667944	19.402681949676605	30.56573622533401	0.025439769907614096
99.0	29.8725246446612	19.34016732598122	20.41511556252942	30.343530229913547	0.02866223691462053
